0.00, 231.2
0.00, 230.0
0.00, 254.8
0.00, 248.1
0.00, 266.9
0.00, 262.6
0.00, 207.6
0.00, 237.0
0.00, 241.0
0.00, 244.9
0.00, 260.3
0.00, 266.4
0.00, 249.1
0.00, 264.9
0.00, 251.3
0.00, 245.7
0.00, 253.3
0.00, 245.9
0.00, 234.9
0.00, 236.9
0.00, 234.2
0.00, 237.1
0.00, 275.9
0.00, 273.9
0.57, 259.3
0.57, 277.0
0.57, 301.1
0.57, 296.7
0.57, 262.5
0.57, 227.7
0.57, 201.2
0.57, 212.3
0.57, 237.5
0.57, 248.6
0.57, 242.1
0.57, 244.8
0.57, 270.2
0.57, 258.5
0.57, 269.7
0.57, 264.9
0.57, 249.7
0.57, 266.4
0.57, 250.5
0.57, 266.9
1.15, 287.7
1.15, 271.2
1.15, 255.7
1.15, 267.0
1.15, 214.9
1.15, 216.3
1.15, 229.4
1.15, 244.7
1.15, 245.0
1.15, 241.7
1.15, 231.3
1.15, 257.7
1.15, 279.2
1.15, 266.6
1.15, 256.9
1.15, 262.9
1.15, 276.2
1.15, 277.2
1.15, 271.2
1.15, 249.1
1.15, 252.0
1.72, 249.2
1.72, 242.4
1.72, 262.5
1.72, 213.1
1.72, 236.1
1.72, 244.6
1.72, 260.4
1.72, 268.7
1.72, 274.2
1.72, 285.1
1.72, 267.5
1.72, 272.9
1.72, 270.8
1.72, 265.0
2.29, 151.7
2.29, 208.1
2.29, 232.0
2.29, 250.5
2.29, 265.7
2.86, 140.9
2.86, 206.8
2.86, 239.2
2.86, 259.2
2.86, 259.1
3.44, 138.0
3.44, 202.7
3.44, 252.2
3.44, 275.6
3.44, 279.9
4.01, 148.2
4.01, 209.8
4.01, 255.7
4.01, 272.9
4.01, 299.3
4.58, 158.0
4.58, 232.0
4.58, 252.5
4.58, 249.3
4.58, 270.5
5.16, 143.5
5.16, 218.1
5.16, 240.0
5.16, 205.3
5.16, 226.1
5.73, 121.6
5.73, 184.9
5.73, 237.0
5.73, 262.7
5.73, 270.6
6.30, 143.8
6.30, 181.3
6.30, 223.1
6.30, 202.4
6.30, 236.7
6.88, 126.7
6.88, 221.6
6.88, 240.6
6.88, 254.6
6.88, 270.3
7.45, 143.4
7.45, 213.3
7.45, 232.0
7.45, 249.5
7.45, 249.2
8.02, 133.3
8.02, 200.9
8.02, 235.5
8.02, 245.6
8.02, 244.5
8.59, 130.9
8.59, 177.9
8.59, 206.8
8.59, 216.3
8.59, 213.9
9.17, 115.8
9.17, 182.2
9.17, 196.6
9.17, 210.7
9.17, 224.5
9.74, 121.1
9.74, 183.7
9.74, 213.1
9.74, 222.4
9.74, 184.9
10.31, 101.6
10.31, 179.0
10.31, 223.5
10.31, 213.5
10.31, 228.1
10.89, 122.7
10.89, 194.0
10.89, 215.6
10.89, 206.3
10.89, 183.8
11.46, 101.1
11.46, 150.8
11.46, 187.6
11.46, 183.4
11.46, 191.9
12.03, 104.5
12.03, 182.7
12.03, 213.4
12.03, 223.0
12.03, 228.8
12.61, 122.5
12.61, 175.3
12.61, 188.9
12.61, 219.7
12.61, 235.0
13.18, 126.0
13.18, 191.1
13.18, 212.7
13.18, 223.7
13.18, 205.7
13.75, 111.8
13.75, 182.2
13.75, 193.3
13.75, 208.2
13.75, 222.4
14.32, 120.1
14.32, 180.8
14.32, 205.0
14.32, 172.2
14.32, 180.8
14.90, 99.6
14.90, 146.6
14.90, 194.3
14.90, 210.6
14.90, 222.8
15.47, 120.2
15.47, 164.5
15.47, 198.3
15.47, 170.5
15.47, 184.5
16.04, 101.6
16.04, 162.7
16.04, 184.8
16.04, 193.0
16.04, 197.3
16.62, 107.4
16.62, 176.0
16.62, 186.8
16.62, 167.5
16.62, 167.4
17.19, 92.9
17.19, 154.5
17.19, 194.7
17.19, 202.2
17.19, 167.2
17.76, 92.3
17.76, 149.4
17.76, 178.5
17.76, 187.1
17.76, 213.0
18.33, 115.3
18.33, 155.0
18.33, 194.8
18.33, 198.1
18.33, 190.3
18.91, 104.6
18.91, 155.9
18.91, 191.2
18.91, 204.5
18.91, 214.4
19.48, 116.2
19.48, 179.3
19.48, 213.8
19.48, 205.2
19.48, 198.9
20.05, 108.3
20.05, 156.3
20.05, 146.1
20.05, 177.1
20.05, 207.4
20.63, 113.2
20.63, 161.9
20.63, 168.8
20.63, 177.9
20.63, 154.0
21.20, 86.7
21.20, 142.0
21.20, 143.5
21.20, 166.5
21.20, 183.6
21.77, 101.3
21.77, 157.1
21.77, 185.5
21.77, 193.8
21.77, 185.9
22.35, 101.9
22.35, 135.3
22.35, 156.4
22.35, 179.7
22.35, 200.4
22.92, 109.5
22.92, 147.9
22.92, 170.3
22.92, 174.7
22.92, 150.6
23.49, 84.5
23.49, 142.1
23.49, 169.6
23.49, 168.7
23.49, 158.0
24.06, 88.6
24.06, 154.0
24.06, 147.1
24.06, 163.9
24.06, 187.0
24.64, 103.1
24.64, 157.6
24.64, 194.9
24.64, 204.3
24.64, 209.7
25.21, 113.8
25.21, 149.6
25.21, 170.8
25.21, 158.4
25.21, 163.8
25.78, 91.7
25.78, 92.3
25.78, 115.4
25.78, 157.4
25.78, 184.3
26.36, 103.2
26.36, 159.3
26.36, 173.2
26.36, 187.9
26.36, 158.6
26.93, 88.8
26.93, 146.1
26.93, 153.2
26.93, 167.6
26.93, 185.8
27.50, 103.0
27.50, 146.7
27.50, 170.6
27.50, 185.8
27.50, 169.4
28.07, 94.4
28.07, 126.7
28.07, 160.1
28.07, 139.4
28.07, 172.3
28.65, 96.2
28.65, 156.8
28.65, 183.0
28.65, 193.9
28.65, 176.5
29.22, 97.0
29.22, 131.7
29.22, 160.4
29.22, 156.5
29.22, 168.7
29.79, 94.2
29.79, 129.2
29.79, 155.3
29.79, 160.1
29.79, 137.6
30.37, 78.7
30.37, 126.5
30.37, 148.2
30.37, 150.7
30.37, 169.3
30.94, 94.9
30.94, 143.1
30.94, 165.0
30.94, 158.0
30.94, 167.4
31.51, 93.4
31.51, 133.6
31.51, 154.9
31.51, 140.9
31.51, 169.8
32.09, 95.0
32.09, 146.3
32.09, 136.9
32.09, 142.9
32.09, 147.9
32.66, 84.8
32.66, 144.6
32.66, 167.2
32.66, 177.0
32.66, 141.5
33.23, 80.6
33.23, 124.1
33.23, 127.1
33.23, 126.2
33.23, 152.4
33.80, 86.9
33.80, 132.5
33.80, 142.4
33.80, 156.3
33.80, 179.9
34.38, 99.4
34.38, 154.6
34.38, 144.2
34.38, 153.6
34.38, 172.2
34.95, 95.2
34.95, 125.2
34.95, 133.9
34.95, 139.1
34.95, 160.3
35.52, 90.6
35.52, 122.3
35.52, 148.2
35.52, 183.6
35.52, 175.2
36.10, 97.4
36.10, 148.7
36.10, 164.0
36.10, 153.9
36.10, 140.5
36.67, 80.3
36.67, 117.0
36.67, 152.9
36.67, 163.7
36.67, 181.1
37.24, 100.4
37.24, 153.4
37.24, 159.3
37.24, 154.3
37.24, 135.2
37.82, 78.0
37.82, 133.5
37.82, 128.7
37.82, 136.9
37.82, 151.2
38.39, 86.2
38.39, 144.8
38.39, 168.3
38.39, 166.8
38.39, 140.1
38.96, 80.3
38.96, 131.8
38.96, 145.6
38.96, 184.4
38.96, 182.2
39.53, 100.6
39.53, 135.6
39.53, 166.5
39.53, 188.3
39.53, 161.6
40.11, 90.5
40.11, 143.2
40.11, 170.9
40.11, 144.3
40.11, 177.8
40.68, 97.7
40.68, 137.7
40.68, 156.4
40.68, 169.6
40.68, 151.2
41.25, 84.7
41.25, 134.9
41.25, 170.8
41.25, 188.8
41.25, 179.0
41.83, 98.6
41.83, 147.9
41.83, 154.6
41.83, 154.7
41.83, 171.9
42.40, 95.8
42.40, 134.1
42.40, 135.6
42.40, 126.3
42.40, 140.1
42.97, 81.3
42.97, 126.8
42.97, 134.8
42.97, 151.3
42.97, 152.9
43.54, 86.5
43.54, 114.2
43.54, 149.7
43.54, 165.0
43.54, 164.6
44.12, 92.4
44.12, 121.0
44.12, 167.2
44.12, 135.9
44.12, 159.7
44.69, 90.1
44.69, 98.6
44.69, 135.1
44.69, 156.5
44.69, 159.4
45.26, 90.0
45.26, 129.3
45.26, 130.3
45.26, 121.5
45.26, 150.4
45.84, 86.1
45.84, 135.5
45.84, 139.5
45.84, 157.0
45.84, 125.3
46.41, 72.5
46.41, 102.7
46.41, 130.1
46.41, 146.8
46.41, 150.7
46.98, 85.3
46.98, 133.1
46.98, 144.5
46.98, 135.5
46.98, 136.5
47.56, 78.9
47.56, 122.2
47.56, 127.9
47.56, 145.5
47.56, 148.8
48.13, 85.0
48.13, 115.1
48.13, 145.7
48.13, 162.7
48.13, 154.7
48.70, 87.0
48.70, 128.8
48.70, 150.1
48.70, 144.1
48.70, 154.5
49.27, 87.7
49.27, 131.9
49.27, 149.4
49.27, 152.1
49.27, 151.4
49.85, 85.8
49.85, 137.0
49.85, 155.2
49.85, 155.9
49.85, 135.7
50.42, 77.2
50.42, 107.7
50.42, 135.5
50.42, 144.3
50.42, 172.9
50.99, 96.9
50.99, 139.6
50.99, 137.5
50.99, 155.1
50.99, 161.5
51.57, 90.6
51.57, 143.1
51.57, 168.6
51.57, 179.1
51.57, 147.7
52.14, 83.3
52.14, 136.3
52.14, 147.4
52.14, 166.1
52.14, 171.5
52.71, 95.4
52.71, 146.7
52.71, 160.6
52.71, 160.3
52.71, 160.1
53.29, 90.2
53.29, 130.6
53.29, 155.7
53.29, 163.8
53.29, 170.9
53.86, 95.3
53.86, 154.9
53.86, 177.0
53.86, 187.4
53.86, 183.8
54.43, 101.6
54.43, 148.5
54.43, 158.3
54.43, 177.2
54.43, 156.2
55.00, 87.8
55.00, 149.5
55.00, 175.9
55.00, 163.2
55.00, 170.2
55.58, 94.6
55.58, 154.5
55.58, 187.6
55.58, 205.2
55.58, 187.0
56.15, 102.8
56.15, 148.3
56.15, 137.4
56.15, 171.3
56.15, 184.2
56.72, 101.9
56.72, 152.3
56.72, 169.3
56.72, 183.9
56.72, 171.9
57.30, 95.6
57.30, 154.1
57.30, 173.4
57.30, 146.9
57.30, 175.4
57.87, 96.8
57.87, 152.2
57.87, 179.8
57.87, 177.1
57.87, 160.9
58.44, 90.0
58.44, 155.7
58.44, 138.0
58.44, 172.5
58.44, 200.2
59.01, 109.8
59.01, 161.4
59.01, 200.4
59.01, 201.7
59.01, 186.6
59.59, 102.8
59.59, 162.2
59.59, 183.2
59.59, 193.9
59.59, 156.2
60.16, 87.6
60.16, 151.9
60.16, 182.4
60.16, 184.4
60.16, 210.6
60.73, 114.9
60.73, 149.1
60.73, 183.8
60.73, 201.1
60.73, 178.2
61.31, 98.7
61.31, 165.8
61.31, 198.3
61.31, 191.3
61.31, 208.0
61.88, 113.1
61.88, 154.6
61.88, 184.7
61.88, 196.2
61.88, 165.9
62.45, 92.4
62.45, 131.9
62.45, 127.8
62.45, 166.2
62.45, 206.0
63.03, 112.6
63.03, 157.5
63.03, 192.6
63.03, 209.9
63.03, 200.4
63.60, 108.7
63.60, 180.6
63.60, 172.2
63.60, 204.2
63.60, 216.4
64.17, 117.4
64.17, 171.2
64.17, 211.8
64.17, 223.2
64.17, 203.9
64.74, 110.9
64.74, 175.4
64.74, 209.2
64.74, 183.4
64.74, 216.5
65.32, 117.3
65.32, 167.6
65.32, 195.7
65.32, 217.0
65.32, 224.8
65.89, 121.3
65.89, 184.7
65.89, 207.8
65.89, 229.6
65.89, 212.2
66.46, 115.0
66.46, 169.8
66.46, 174.5
66.46, 200.8
66.46, 227.7
67.04, 122.9
67.04, 173.6
67.04, 210.5
67.04, 220.3
67.04, 183.4
67.61, 100.8
67.61, 167.9
67.61, 181.2
67.61, 187.5
67.61, 199.0
68.18, 108.7
68.18, 170.9
68.18, 207.0
68.18, 237.1
68.18, 230.0
68.75, 123.7
68.75, 170.9
68.75, 167.7
68.75, 192.0
68.75, 219.6
69.33, 118.2
69.33, 194.4
69.33, 214.9
69.33, 229.7
69.33, 191.7
69.90, 104.7
69.90, 148.3
69.90, 189.8
69.90, 215.6
69.90, 228.8
70.47, 123.2
70.47, 185.2
70.47, 224.5
70.47, 232.8
70.47, 216.5
71.05, 117.0
71.05, 179.7
71.05, 163.8
71.05, 199.9
71.05, 218.9
71.62, 118.8
71.62, 182.3
71.62, 219.8
71.62, 230.3
71.62, 249.1
72.19, 133.1
72.19, 180.6
72.19, 212.1
72.19, 184.6
72.19, 217.8
72.77, 117.9
72.77, 179.0
72.77, 206.2
72.77, 209.5
72.77, 217.0
73.34, 117.3
73.34, 183.6
73.34, 207.3
73.34, 208.9
73.34, 215.8
73.91, 116.5
73.91, 138.5
73.91, 180.8
73.91, 198.5
73.91, 181.3
74.48, 99.3
74.48, 170.2
74.48, 198.4
74.48, 201.6
74.48, 222.0
75.06, 119.3
75.06, 169.0
75.06, 194.0
75.06, 193.4
75.06, 157.9
75.63, 89.1
75.63, 147.9
75.63, 173.6
75.63, 153.9
75.63, 197.3
76.20, 107.9
76.20, 131.5
76.20, 183.9
76.20, 199.3
76.20, 167.4
76.78, 93.6
76.78, 164.3
76.78, 200.8
76.78, 179.2
76.78, 206.5
77.35, 112.0
77.35, 144.9
77.35, 187.5
77.35, 204.4
77.35, 164.3
77.92, 91.8
77.92, 151.6
77.92, 172.3
77.92, 166.3
77.92, 196.2
78.50, 107.3
78.50, 161.6
78.50, 175.1
78.50, 204.2
78.50, 221.5
79.07, 119.7
79.07, 173.8
79.07, 185.9
79.07, 171.7
79.07, 147.3
79.64, 83.2
79.64, 137.3
79.64, 173.0
79.64, 203.8
79.64, 177.6
80.21, 97.4
80.21, 170.3
80.21, 215.3
80.21, 212.3
80.21, 227.1
80.79, 122.0
80.79, 184.3
80.79, 204.1
80.79, 190.1
80.79, 208.7
81.36, 113.4
81.36, 184.6
81.36, 202.6
81.36, 228.7
81.36, 233.5
81.93, 125.4
81.93, 176.6
81.93, 213.6
81.93, 192.0
81.93, 217.5
82.51, 117.6
82.51, 177.7
82.51, 206.0
82.51, 237.7
82.51, 242.3
83.08, 129.7
83.08, 192.4
83.08, 218.3
83.08, 250.1
83.08, 234.6
83.65, 125.8
83.65, 178.1
83.65, 214.6
83.65, 241.1
83.65, 252.2
84.22, 134.7
84.22, 191.3
84.22, 229.7
84.22, 234.0
84.22, 222.5
84.80, 119.9
84.80, 179.4
84.80, 207.7
84.80, 235.2
84.80, 243.9
85.37, 130.4
85.37, 185.9
85.37, 220.3
85.37, 233.0
85.37, 204.0
85.94, 110.2
85.94, 186.6
85.94, 219.3
85.94, 238.4
85.94, 231.9
86.52, 124.4
86.52, 198.1
86.52, 208.3
86.52, 200.2
86.52, 224.3
87.09, 120.9
87.09, 183.3
87.09, 213.1
87.09, 217.2
87.09, 231.2
87.66, 124.1
87.66, 182.5
87.66, 225.7
87.66, 205.2
87.66, 203.8
88.24, 110.8
88.24, 158.1
88.24, 203.3
88.24, 218.1
88.24, 203.8
88.81, 109.9
88.81, 182.5
88.81, 219.4
88.81, 227.3
88.81, 241.9
89.38, 129.5
89.38, 192.8
89.38, 224.0
89.38, 237.7
89.38, 193.8
89.95, 105.9
89.95, 175.4
89.95, 216.9
89.95, 233.7
89.95, 239.2
90.53, 128.2
90.53, 201.4
90.53, 226.7
90.53, 248.4
90.53, 216.8
91.10, 116.9
91.10, 178.0
91.10, 217.0
91.10, 239.6
91.10, 240.1
91.67, 127.8
91.67, 190.7
91.67, 218.4
91.67, 188.3
91.67, 208.5
92.25, 113.2
92.25, 179.5
92.25, 216.7
92.25, 230.8
92.25, 246.2
92.82, 131.6
92.82, 190.7
92.82, 220.1
92.82, 200.2
92.82, 219.1
93.39, 118.5
93.39, 186.4
93.39, 222.7
93.39, 243.0
93.39, 242.5
93.97, 129.6
93.97, 192.4
93.97, 223.1
93.97, 191.2
93.97, 182.6
94.54, 100.5
94.54, 171.9
94.54, 217.3
94.54, 231.8
94.54, 236.8
95.11, 127.0
95.11, 182.0
95.11, 211.3
95.11, 216.7
95.11, 198.4
95.68, 108.0
95.68, 156.8
95.68, 177.9
95.68, 191.3
95.68, 226.4
96.26, 122.3
96.26, 174.7
96.26, 208.7
96.26, 229.9
96.26, 182.9
96.83, 100.5
96.83, 171.8
96.83, 203.5
96.83, 219.5
96.83, 213.4
97.40, 114.7
97.40, 164.7
97.40, 181.1
97.40, 211.5
97.40, 233.2
97.98, 125.2
97.98, 179.5
97.98, 203.8
97.98, 207.7
97.98, 188.0
98.55, 103.2
98.55, 162.4
98.55, 179.6
98.55, 199.3
98.55, 193.3
99.12, 105.6
99.12, 168.8
99.12, 202.0
99.12, 229.3
99.12, 213.0
99.69, 115.3
99.69, 156.4
99.69, 175.8
99.69, 195.9
99.69, 200.9
100.27, 109.8
100.27, 145.8
100.27, 181.3
100.27, 190.4
100.27, 186.5
100.84, 102.7
100.84, 156.3
100.84, 198.2
100.84, 171.8
100.84, 176.3
101.41, 97.8
101.41, 140.6
101.41, 172.5
101.41, 186.8
101.41, 208.9
101.99, 113.5
101.99, 163.1
101.99, 184.7
101.99, 177.4
101.99, 173.4
102.56, 95.4
102.56, 145.1
102.56, 186.0
102.56, 192.2
102.56, 196.5
103.13, 107.6
103.13, 153.8
103.13, 184.2
103.13, 152.8
103.13, 180.7
103.71, 99.9
103.71, 165.8
103.71, 205.5
103.71, 237.1
103.71, 226.7
104.28, 122.1
104.28, 170.0
104.28, 209.8
104.28, 191.7
104.28, 203.2
104.85, 110.6
104.85, 174.4
104.85, 193.6
104.85, 212.0
104.85, 227.9
105.42, 122.9
105.42, 129.3
105.42, 171.4
105.42, 181.4
105.42, 173.7
106.00, 94.6
106.00, 159.7
106.00, 163.5
106.00, 187.1
106.00, 198.0
106.57, 107.8
106.57, 175.0
106.57, 201.6
106.57, 211.8
106.57, 176.0
107.14, 97.0
107.14, 164.0
107.14, 156.1
107.14, 194.2
107.14, 204.0
107.72, 111.2
107.72, 169.5
107.72, 172.8
107.72, 196.5
107.72, 171.8
108.29, 95.3
108.29, 143.2
108.29, 160.9
108.29, 192.9
108.29, 197.3
108.86, 107.9
108.86, 167.0
108.86, 217.8
108.86, 229.8
108.86, 230.3
109.43, 123.7
109.43, 181.4
109.43, 199.0
109.43, 201.2
109.43, 208.2
110.01, 113.0
110.01, 176.5
110.01, 194.7
110.01, 219.0
110.01, 227.3
110.58, 122.3
110.58, 185.1
110.58, 199.5
110.58, 168.1
110.58, 201.5
111.15, 110.2
111.15, 159.1
111.15, 195.6
111.15, 202.4
111.15, 215.7
111.73, 116.2
111.73, 179.8
111.73, 184.3
111.73, 193.0
111.73, 218.1
112.30, 118.0
112.30, 178.2
112.30, 193.0
112.30, 208.4
112.30, 191.2
112.87, 104.5
112.87, 181.6
112.87, 204.7
112.87, 188.0
112.87, 205.9
113.45, 111.8
113.45, 176.0
113.45, 188.5
113.45, 195.7
113.45, 182.8
114.02, 100.7
114.02, 159.2
114.02, 188.2
114.02, 180.4
114.02, 197.4
114.59, 107.7
114.59, 170.4
114.59, 197.3
114.59, 213.0
114.59, 216.1
115.16, 116.8
115.16, 174.4
115.16, 196.3
115.16, 167.8
115.16, 177.3
115.74, 97.9
115.74, 149.2
115.74, 182.6
115.74, 205.8
115.74, 226.9
116.31, 122.4
116.31, 165.7
116.31, 194.3
116.31, 172.3
116.31, 210.0
116.88, 114.1
116.88, 180.5
116.88, 189.4
116.88, 217.5
116.88, 218.3
117.46, 117.2
117.46, 163.3
117.46, 152.6
117.46, 180.8
117.46, 196.8
118.03, 107.7
118.03, 159.0
118.03, 182.8
118.03, 193.6
118.03, 191.1
118.60, 104.4
118.60, 165.1
118.60, 187.5
118.60, 203.3
118.60, 198.3
119.18, 108.1
119.18, 152.2
119.18, 188.2
119.18, 180.6
119.18, 208.1
119.75, 113.2
119.75, 156.4
119.75, 162.4
119.75, 188.2
119.75, 203.7
120.32, 111.0
120.32, 162.3
120.32, 186.6
120.32, 185.7
120.32, 164.3
120.89, 91.4
120.89, 141.2
120.89, 148.5
120.89, 175.9
120.89, 186.0
121.47, 102.4
121.47, 149.3
121.47, 171.0
121.47, 186.3
121.47, 171.8
122.04, 95.4
122.04, 152.3
122.04, 144.2
122.04, 172.3
122.04, 172.2
122.61, 95.9
122.61, 152.7
122.61, 177.1
122.61, 187.6
122.61, 164.4
123.19, 90.6
123.19, 154.0
123.19, 173.9
123.19, 181.6
123.19, 167.8
123.76, 93.1
123.76, 152.9
123.76, 151.5
123.76, 153.2
123.76, 169.5
124.33, 94.5
124.33, 151.4
124.33, 171.4
124.33, 194.7
124.33, 155.1
124.90, 87.3
124.90, 156.0
124.90, 169.1
124.90, 187.2
124.90, 196.4
125.48, 107.5
125.48, 147.8
125.48, 174.4
125.48, 192.6
125.48, 192.0
126.05, 105.1
126.05, 159.3
126.05, 191.2
126.05, 192.6
126.05, 213.3
126.62, 115.4
126.62, 157.5
126.62, 181.9
126.62, 196.1
126.62, 170.0
127.20, 93.7
127.20, 150.1
127.20, 150.1
127.20, 177.6
127.20, 199.1
127.77, 108.8
127.77, 168.0
127.77, 185.2
127.77, 188.5
127.77, 158.0
128.34, 88.5
128.34, 141.7
128.34, 145.2
128.34, 183.7
128.34, 198.5
128.92, 107.9
128.92, 136.1
128.92, 141.6
128.92, 181.2
128.92, 184.7
129.49, 102.0
129.49, 155.4
129.49, 179.2
129.49, 193.9
129.49, 208.9
130.06, 113.4
130.06, 165.5
130.06, 174.9
130.06, 159.5
130.06, 181.2
130.63, 100.2
130.63, 153.9
130.63, 176.2
130.63, 195.0
130.63, 194.1
131.21, 105.9
131.21, 151.6
131.21, 178.7
131.21, 148.4
131.21, 168.4
131.78, 94.0
131.78, 137.0
131.78, 182.1
131.78, 204.7
131.78, 194.0
132.35, 106.2
132.35, 159.6
132.35, 184.2
132.35, 161.4
132.35, 177.7
132.93, 98.1
132.93, 158.3
132.93, 164.7
132.93, 177.5
132.93, 191.7
133.50, 104.9
133.50, 153.7
133.50, 168.0
133.50, 159.0
133.50, 178.8
134.07, 99.0
134.07, 161.1
134.07, 178.1
134.07, 201.5
134.07, 183.6
134.64, 100.1
134.64, 159.6
134.64, 186.5
134.64, 184.9
134.64, 198.5
135.22, 108.5
135.22, 154.3
135.22, 182.1
135.22, 194.2
135.22, 155.6
135.79, 87.8
135.79, 150.9
135.79, 167.9
135.79, 183.7
135.79, 210.4
136.36, 114.4
136.36, 163.1
136.36, 172.5
136.36, 197.5
136.36, 166.3
136.94, 92.7
136.94, 151.6
136.94, 169.7
136.94, 167.5
136.94, 179.0
137.51, 98.5
137.51, 145.3
137.51, 175.8
137.51, 179.4
137.51, 161.7
138.08, 90.4
138.08, 146.6
138.08, 134.7
138.08, 178.4
138.08, 182.6
138.66, 100.9
138.66, 138.1
138.66, 168.7
138.66, 187.7
138.66, 181.6
139.23, 100.2
139.23, 144.7
139.23, 179.9
139.23, 169.0
139.23, 192.3
139.80, 105.4
139.80, 160.4
139.80, 172.5
139.80, 183.4
139.80, 151.6
140.37, 84.8
140.37, 138.5
140.37, 128.3
140.37, 170.6
140.37, 186.9
140.95, 103.8
140.95, 139.7
140.95, 175.1
140.95, 180.3
140.95, 163.1
141.52, 91.2
141.52, 141.4
141.52, 147.0
141.52, 137.1
141.52, 135.1
142.09, 78.1
142.09, 146.7
142.09, 166.8
142.09, 193.4
142.09, 169.3
142.67, 94.2
142.67, 151.6
142.67, 157.6
142.67, 136.4
142.67, 179.1
143.24, 99.6
143.24, 148.7
143.24, 153.3
143.24, 177.4
143.24, 163.4
143.81, 91.4
143.81, 140.6
143.81, 174.7
143.81, 145.8
143.81, 184.9
144.39, 102.5
144.39, 158.6
144.39, 161.1
144.39, 180.7
144.39, 200.6
144.96, 109.6
144.96, 145.6
144.96, 162.6
144.96, 173.1
144.96, 185.3
145.53, 101.5
145.53, 153.6
145.53, 164.3
145.53, 173.6
145.53, 181.3
146.10, 100.2
146.10, 154.1
146.10, 182.6
146.10, 187.7
146.10, 156.3
146.68, 87.9
146.68, 142.3
146.68, 150.0
146.68, 170.3
146.68, 183.3
147.25, 101.1
147.25, 144.5
147.25, 162.7
147.25, 168.9
147.25, 185.6
147.82, 102.3
147.82, 136.3
147.82, 144.4
147.82, 166.8
147.82, 185.2
148.40, 102.0
148.40, 149.4
148.40, 159.2
148.40, 169.1
148.40, 175.2
148.97, 97.3
148.97, 147.3
148.97, 183.4
148.97, 151.2
148.97, 161.4
149.54, 90.9
149.54, 154.8
149.54, 157.2
149.54, 160.4
149.54, 156.7
150.11, 88.1
150.11, 127.1
150.11, 124.0
150.11, 141.7
150.11, 170.9
150.69, 95.7
150.69, 138.0
150.69, 170.8
150.69, 175.6
150.69, 164.4
151.26, 90.8
151.26, 147.3
151.26, 154.8
151.26, 167.3
151.26, 174.3
151.83, 97.1
151.83, 137.4
151.83, 166.5
151.83, 183.0
151.83, 168.6
152.41, 93.7
152.41, 134.4
152.41, 149.0
152.41, 174.0
152.41, 179.3
152.98, 99.2
152.98, 139.9
152.98, 168.5
152.98, 175.4
152.98, 153.3
153.55, 86.4
153.55, 132.8
153.55, 117.7
153.55, 155.1
153.55, 168.4
154.13, 94.8
154.13, 146.7
154.13, 167.8
154.13, 175.9
154.13, 163.3
154.70, 91.1
154.70, 143.7
154.70, 147.5
154.70, 163.5
154.70, 151.3
155.27, 85.9
155.27, 140.1
155.27, 156.2
155.27, 176.2
155.27, 184.1
155.84, 101.4
155.84, 141.3
155.84, 161.7
155.84, 170.8
155.84, 178.0
156.42, 98.3
156.42, 135.4
156.42, 179.7
156.42, 171.7
156.42, 186.4
156.99, 102.2
156.99, 143.0
156.99, 162.9
156.99, 162.8
156.99, 178.0
157.56, 98.3
157.56, 148.4
157.56, 165.2
157.56, 185.3
157.56, 173.0
158.14, 96.1
158.14, 128.8
158.14, 128.1
158.14, 137.5
158.14, 148.5
158.71, 84.7
158.71, 146.7
158.71, 164.3
158.71, 186.1
158.71, 156.8
159.28, 88.3
159.28, 151.0
159.28, 161.5
159.28, 156.0
159.28, 176.7
159.86, 97.7
159.86, 169.7
159.86, 184.7
159.86, 197.5
159.86, 166.5
160.43, 92.7
160.43, 139.7
160.43, 155.2
160.43, 164.9
160.43, 167.9
161.00, 93.2
161.00, 112.6
161.00, 143.0
161.00, 130.3
161.00, 182.6
161.57, 101.7
161.57, 162.9
161.57, 142.7
161.57, 143.9
161.57, 177.4
162.15, 98.4
162.15, 128.3
162.15, 140.4
162.15, 163.7
162.15, 175.6
162.72, 96.9
162.72, 135.6
162.72, 128.1
162.72, 137.5
162.72, 184.7
163.29, 102.1
163.29, 162.9
163.29, 184.3
163.29, 156.1
163.29, 167.5
163.87, 94.1
163.87, 166.2
163.87, 145.4
163.87, 145.7
163.87, 167.0
164.44, 93.3
164.44, 168.4
164.44, 176.6
164.44, 195.5
164.44, 186.3
165.01, 102.0
165.01, 143.8
165.01, 171.8
165.01, 199.9
165.01, 210.3
165.58, 113.5
165.58, 173.9
165.58, 195.1
165.58, 183.8
165.58, 201.2
166.16, 109.5
166.16, 186.7
166.16, 172.6
166.16, 201.8
166.16, 200.8
166.73, 109.3
166.73, 159.9
166.73, 167.9
166.73, 142.5
166.73, 148.2
167.30, 84.0
167.30, 122.5
167.30, 141.9
167.30, 171.0
167.30, 165.6
167.88, 92.6
167.88, 150.2
167.88, 152.6
167.88, 182.3
167.88, 189.3
168.45, 103.3
168.45, 163.0
168.45, 170.2
168.45, 167.6
168.45, 196.0
169.02, 107.1
169.02, 151.2
169.02, 196.4
169.02, 198.6
169.02, 213.6
169.60, 115.8
169.60, 162.3
169.60, 180.7
169.60, 210.4
169.60, 161.9
170.17, 90.6
170.17, 142.4
170.17, 176.0
170.17, 142.2
170.17, 185.0
170.74, 102.6
170.74, 165.6
170.74, 192.0
170.74, 211.4
170.74, 202.2
171.31, 109.4
171.31, 176.9
171.31, 210.3
171.31, 215.9
171.31, 218.0
171.89, 117.7
171.89, 159.5
171.89, 176.0
171.89, 202.9
171.89, 185.7
172.46, 102.3
172.46, 147.6
172.46, 160.1
172.46, 191.8
172.46, 209.6
173.03, 113.9
173.03, 176.8
173.03, 193.3
173.03, 210.6
173.03, 180.4
173.61, 99.2
173.61, 155.4
173.61, 164.8
173.61, 188.2
173.61, 209.0
174.18, 113.1
174.18, 169.8
174.18, 212.7
174.18, 220.2
174.18, 218.0
174.75, 117.7
174.75, 216.3
174.75, 253.3
174.75, 268.4
174.75, 291.5
175.32, 153.9
175.32, 195.0
175.32, 237.6
175.32, 226.5
175.32, 217.6
175.90, 117.5
175.90, 202.6
175.90, 223.0
175.90, 254.8
175.90, 265.9
176.47, 141.4
176.47, 225.9
176.47, 258.1
176.47, 261.7
176.47, 268.8
177.04, 142.6
177.04, 204.5
177.04, 243.0
177.04, 282.3
177.04, 291.4
177.62, 154.1
177.62, 219.5
177.62, 251.0
177.62, 284.5
177.62, 296.2
178.19, 156.3
178.19, 204.6
178.19, 239.2
178.19, 214.6
178.19, 258.0
178.76, 137.4
178.76, 235.1
178.76, 282.9
178.76, 282.2
178.76, 286.2
179.34, 150.3
179.34, 222.8
179.34, 239.3
179.34, 251.5
179.34, 254.7
179.91, 135.8
179.91, 206.5
179.91, 226.0
179.91, 217.9
179.91, 244.3
180.48, 130.7
180.48, 204.9
180.48, 239.2
180.48, 259.1
180.48, 272.9
181.05, 144.8
181.05, 226.5
181.05, 227.0
181.05, 269.8
181.05, 216.0
181.63, 116.6
181.63, 197.7
181.63, 249.5
181.63, 233.1
181.63, 264.3
182.20, 140.5
182.20, 221.0
182.20, 266.8
182.20, 245.8
182.20, 244.7
182.77, 130.6
182.77, 184.9
182.77, 233.1
182.77, 266.6
182.77, 289.5
183.35, 153.2
183.35, 212.0
183.35, 234.0
183.35, 223.5
183.35, 215.0
183.92, 116.2
183.92, 199.2
183.92, 231.4
183.92, 265.7
183.92, 281.8
184.49, 149.1
184.49, 179.6
184.49, 225.4
184.49, 242.2
184.49, 223.5
185.07, 120.1
185.07, 188.0
185.07, 221.6
185.07, 230.6
185.07, 251.2
185.64, 134.0
185.64, 177.7
185.64, 209.8
185.64, 222.3
185.64, 243.3
186.21, 130.6
186.21, 193.2
186.21, 235.3
186.21, 247.3
186.21, 241.3
186.78, 129.2
186.78, 193.7
186.78, 221.0
186.78, 245.7
186.78, 245.0
187.36, 131.0
187.36, 190.2
187.36, 236.7
187.36, 248.8
187.36, 254.5
187.93, 135.9
187.93, 189.1
187.93, 235.8
187.93, 239.3
187.93, 262.9
188.50, 140.0
188.50, 181.9
188.50, 223.8
188.50, 203.7
188.50, 213.3
189.08, 115.4
189.08, 175.8
189.08, 197.1
189.08, 198.9
189.08, 178.8
189.65, 98.3
189.65, 177.8
189.65, 220.6
189.65, 228.9
189.65, 241.7
190.22, 129.1
190.22, 207.0
190.22, 216.0
190.22, 243.2
190.22, 194.0
190.79, 105.2
190.79, 181.9
190.79, 220.2
190.79, 209.4
190.79, 236.9
191.37, 126.9
191.37, 162.7
191.37, 187.9
191.37, 174.0
191.37, 191.0
191.94, 105.1
191.94, 184.7
191.94, 209.0
191.94, 204.6
191.94, 200.6
192.51, 109.1
192.51, 175.7
192.51, 212.9
192.51, 197.5
192.51, 211.8
193.09, 114.4
193.09, 175.0
193.09, 187.3
193.09, 201.6
193.09, 188.4
193.66, 103.5
193.66, 144.6
193.66, 182.3
193.66, 211.7
193.66, 223.4
194.23, 120.7
194.23, 144.7
194.23, 191.2
194.23, 187.2
194.23, 179.4
194.81, 98.8
194.81, 138.0
194.81, 151.2
194.81, 199.8
194.81, 213.8
195.38, 116.1
195.38, 165.9
195.38, 179.7
195.38, 185.0
195.38, 189.5
195.95, 103.6
195.95, 178.3
195.95, 172.4
195.95, 194.5
195.95, 215.0
196.52, 116.0
196.52, 168.9
196.52, 189.9
196.52, 183.2
196.52, 185.6
197.10, 101.8
197.10, 174.3
197.10, 178.8
197.10, 201.6
197.10, 194.4
197.67, 106.1
197.67, 161.9
197.67, 194.9
197.67, 172.6
197.67, 208.6
198.24, 113.3
198.24, 168.1
198.24, 160.6
198.24, 192.9
198.24, 178.2
198.82, 98.4
198.82, 153.8
198.82, 161.7
198.82, 174.3
198.82, 186.8
199.39, 102.8
199.39, 152.3
199.39, 169.9
199.39, 175.7
199.39, 176.3
199.96, 97.8
199.96, 149.9
199.96, 174.5
199.96, 164.6
199.96, 202.6
200.54, 110.4
200.54, 167.1
200.54, 199.0
200.54, 204.2
200.54, 188.8
201.11, 103.3
201.11, 164.9
201.11, 185.4
201.11, 160.6
201.11, 190.7
201.68, 104.7
201.68, 134.1
201.68, 163.2
201.68, 188.5
201.68, 172.6
202.25, 95.1
202.25, 164.9
202.25, 161.3
202.25, 177.4
202.25, 207.5
202.83, 113.1
202.83, 157.7
202.83, 184.5
202.83, 202.3
202.83, 187.8
203.40, 102.7
203.40, 161.7
203.40, 166.4
203.40, 176.9
203.40, 195.7
203.97, 106.3
203.97, 160.8
203.97, 182.4
203.97, 162.8
203.97, 194.0
204.55, 106.1
204.55, 160.3
204.55, 179.6
204.55, 202.9
204.55, 200.9
205.12, 109.6
205.12, 154.4
205.12, 186.9
205.12, 169.1
205.12, 177.5
205.69, 98.2
205.69, 148.3
205.69, 188.0
205.69, 197.2
205.69, 195.5
206.26, 106.8
206.26, 154.1
206.26, 181.6
206.26, 187.6
206.26, 177.2
206.84, 97.9
206.84, 156.7
206.84, 174.4
206.84, 191.4
206.84, 206.4
207.41, 112.0
207.41, 163.1
207.41, 203.2
207.41, 187.8
207.41, 212.1
207.98, 114.5
207.98, 136.4
207.98, 189.0
207.98, 198.7
207.98, 189.4
208.56, 104.2
208.56, 153.8
208.56, 148.9
208.56, 162.8
208.56, 204.8
209.13, 111.6
209.13, 163.2
209.13, 182.8
209.13, 201.5
209.13, 177.0
209.70, 97.9
209.70, 151.9
209.70, 156.2
209.70, 185.3
209.70, 197.4
210.28, 108.1
210.28, 166.6
210.28, 182.8
210.28, 204.6
210.28, 202.0
210.85, 110.1
210.85, 166.5
210.85, 193.9
210.85, 169.2
210.85, 183.3
211.42, 100.9
211.42, 159.4
211.42, 189.8
211.42, 214.8
211.42, 206.2
211.99, 111.9
211.99, 166.5
211.99, 197.0
211.99, 178.0
211.99, 181.6
212.57, 100.1
212.57, 163.0
212.57, 181.0
212.57, 209.2
212.57, 211.7
213.14, 114.7
213.14, 170.9
213.14, 178.4
213.14, 170.6
213.14, 190.2
213.71, 103.7
213.71, 158.1
213.71, 191.1
213.71, 213.0
213.71, 193.2
214.29, 105.7
214.29, 160.5
214.29, 196.5
214.29, 180.3
214.29, 190.2
214.86, 104.2
214.86, 163.0
214.86, 194.3
214.86, 208.1
214.86, 222.8
215.43, 120.3
215.43, 161.7
215.43, 199.8
215.43, 170.4
215.43, 205.3
216.00, 111.9
216.00, 164.4
216.00, 185.1
216.00, 189.8
216.00, 205.8
216.58, 111.7
216.58, 166.0
216.58, 190.7
216.58, 176.0
216.58, 196.6
217.15, 107.5
217.15, 160.6
217.15, 194.5
217.15, 211.5
217.15, 221.6
217.72, 119.8
217.72, 175.6
217.72, 200.7
217.72, 217.7
217.72, 201.9
218.30, 109.8
218.30, 178.2
218.30, 198.2
218.30, 197.9
218.30, 214.2
218.87, 115.3
218.87, 180.4
218.87, 200.9
218.87, 201.4
218.87, 222.4
219.44, 119.9
219.44, 148.2
219.44, 196.5
219.44, 202.4
219.44, 219.3
220.02, 118.7
220.02, 178.7
220.02, 212.7
220.02, 219.4
220.02, 229.1
220.59, 123.2
220.59, 182.4
220.59, 202.0
220.59, 222.9
220.59, 205.6
221.16, 111.4
221.16, 158.3
221.16, 204.7
221.16, 184.9
221.16, 208.5
221.73, 113.4
221.73, 175.3
221.73, 214.3
221.73, 222.4
221.73, 228.8
222.31, 123.1
222.31, 181.2
222.31, 202.2
222.31, 175.5
222.31, 189.5
222.88, 104.0
222.88, 157.8
222.88, 190.4
222.88, 204.8
222.88, 215.7
223.45, 116.4
223.45, 189.4
223.45, 214.9
223.45, 197.3
223.45, 218.7
224.03, 118.1
224.03, 167.3
224.03, 197.1
224.03, 206.7
224.03, 217.3
224.60, 116.9
224.60, 167.9
224.60, 217.5
224.60, 233.9
224.60, 231.8
225.17, 124.4
225.17, 193.4
225.17, 222.3
225.17, 230.9
225.17, 231.4
225.75, 124.4
225.75, 185.6
225.75, 210.9
225.75, 231.0
225.75, 226.5
226.32, 122.1
226.32, 167.4
226.32, 196.5
226.32, 221.6
226.32, 184.6
226.89, 101.4
226.89, 165.2
226.89, 168.6
226.89, 205.5
226.89, 208.7
227.46, 113.3
227.46, 162.1
227.46, 196.4
227.46, 228.0
227.46, 215.8
228.04, 116.8
228.04, 181.4
228.04, 196.5
228.04, 176.9
228.04, 195.4
228.61, 106.9
228.61, 163.7
228.61, 193.7
228.61, 220.0
228.61, 228.1
229.18, 122.8
229.18, 165.6
229.18, 197.1
229.18, 197.5
229.18, 210.6
229.76, 114.2
229.76, 156.6
229.76, 189.5
229.76, 208.5
229.76, 182.3
230.33, 99.7
230.33, 158.3
230.33, 186.6
230.33, 207.5
230.33, 206.8
230.90, 112.4
230.90, 151.5
230.90, 177.9
230.90, 186.5
230.90, 172.7
231.47, 95.8
231.47, 151.2
231.47, 151.5
231.47, 166.0
231.47, 186.6
232.05, 102.9
232.05, 149.0
232.05, 179.4
232.05, 190.4
232.05, 165.1
232.62, 92.1
232.62, 152.2
232.62, 163.2
232.62, 196.0
232.62, 186.9
233.19, 102.4
233.19, 154.8
233.19, 186.4
233.19, 183.7
233.19, 173.9
233.77, 96.2
233.77, 132.8
233.77, 133.0
233.77, 177.7
233.77, 164.2
234.34, 92.0
234.34, 145.2
234.34, 175.1
234.34, 177.4
234.34, 167.7
234.91, 93.0
234.91, 126.2
234.91, 131.6
234.91, 153.6
234.91, 174.6
235.49, 97.2
235.49, 125.9
235.49, 142.4
235.49, 147.5
235.49, 172.0
236.06, 94.9
236.06, 132.9
236.06, 167.7
236.06, 191.9
236.06, 179.0
236.63, 98.9
236.63, 156.0
236.63, 166.9
236.63, 150.0
236.63, 158.3
237.20, 89.0
237.20, 157.1
237.20, 168.6
237.20, 170.2
237.20, 154.0
237.78, 86.7
237.78, 153.9
237.78, 165.6
237.78, 148.4
237.78, 196.4
238.35, 107.8
238.35, 145.8
238.35, 182.9
238.35, 198.5
238.35, 201.8
238.92, 109.8
238.92, 154.2
238.92, 168.2
238.92, 156.3
238.92, 175.3
239.50, 97.1
239.50, 166.0
239.50, 188.6
239.50, 211.5
239.50, 230.8
240.07, 124.1
240.07, 160.3
240.07, 178.1
240.07, 183.0
240.07, 175.2
240.64, 96.8
240.64, 170.4
240.64, 185.7
240.64, 213.4
240.64, 207.7
241.22, 112.8
241.22, 164.2
241.22, 170.1
241.22, 150.9
241.22, 175.2
241.79, 96.5
241.79, 159.9
241.79, 189.8
241.79, 215.0
241.79, 163.8
242.36, 90.7
242.36, 156.4
242.36, 197.4
242.36, 219.1
242.36, 202.3
242.93, 109.8
242.93, 153.7
242.93, 175.4
242.93, 169.0
242.93, 193.5
243.51, 106.0
243.51, 173.3
243.51, 166.2
243.51, 163.6
243.51, 174.4
244.08, 96.3
244.08, 154.7
244.08, 157.8
244.08, 175.7
244.08, 200.6
244.65, 109.5
244.65, 147.9
244.65, 172.4
244.65, 200.0
244.65, 155.2
245.23, 87.5
245.23, 148.0
245.23, 190.4
245.23, 159.4
245.23, 193.3
245.80, 106.0
245.80, 133.8
245.80, 166.9
245.80, 184.3
245.80, 149.1
246.37, 85.0
246.37, 139.7
246.37, 178.4
246.37, 142.2
246.37, 169.8
246.95, 94.8
246.95, 160.2
246.95, 195.3
246.95, 205.4
246.95, 181.8
247.52, 99.5
247.52, 147.2
247.52, 135.9
247.52, 158.5
247.52, 180.2
248.09, 99.5
248.09, 156.3
248.09, 178.8
248.09, 146.5
248.09, 126.5
248.66, 74.1
248.66, 151.5
248.66, 141.4
248.66, 174.0
248.66, 198.0
249.24, 108.4
249.24, 155.3
249.24, 180.8
249.24, 204.3
249.24, 153.2
249.81, 86.3
249.81, 137.3
249.81, 155.0
249.81, 186.3
249.81, 201.9
250.38, 110.1
250.38, 163.0
250.38, 192.2
250.38, 207.1
250.38, 166.4
250.96, 92.9
250.96, 151.8
250.96, 182.7
250.96, 159.1
250.96, 192.5
251.53, 105.6
251.53, 158.8
251.53, 200.5
251.53, 207.3
251.53, 168.1
252.10, 93.2
252.10, 148.7
252.10, 160.9
252.10, 192.9
252.10, 196.7
252.67, 107.2
252.67, 159.5
252.67, 187.7
252.67, 189.3
252.67, 164.7
253.25, 91.2
253.25, 161.0
253.25, 183.7
253.25, 190.2
253.25, 212.6
253.82, 115.5
253.82, 179.2
253.82, 185.1
253.82, 195.2
253.82, 172.1
254.39, 95.1
254.39, 148.5
254.39, 177.9
254.39, 205.3
254.39, 214.5
254.97, 116.2
254.97, 167.2
254.97, 199.8
254.97, 218.5
254.97, 185.6
255.54, 101.8
255.54, 168.3
255.54, 200.7
255.54, 219.6
255.54, 220.1
256.11, 118.8
256.11, 168.2
256.11, 196.8
256.11, 199.8
256.11, 180.2
256.69, 99.3
256.69, 170.8
256.69, 187.4
256.69, 200.1
256.69, 206.3
257.26, 112.2
257.26, 177.1
257.26, 203.2
257.26, 217.7
257.26, 203.2
257.83, 110.3
257.83, 175.9
257.83, 179.4
257.83, 187.5
257.83, 202.5
258.40, 109.7
258.40, 175.0
258.40, 194.6
258.40, 197.2
258.40, 173.2
258.98, 95.9
258.98, 169.0
258.98, 207.7
258.98, 210.4
258.98, 206.6
259.55, 112.2
259.55, 174.2
259.55, 198.6
259.55, 229.4
259.55, 211.0
260.12, 114.1
260.12, 179.1
260.12, 199.4
260.12, 210.6
260.12, 226.2
260.70, 122.0
260.70, 184.2
260.70, 210.6
260.70, 216.6
260.70, 214.8
261.27, 116.1
261.27, 181.6
261.27, 165.0
261.27, 202.1
261.27, 221.3
261.84, 119.4
261.84, 168.1
261.84, 201.0
261.84, 212.6
261.84, 167.3
262.42, 93.2
262.42, 154.6
262.42, 149.9
262.42, 187.0
262.42, 204.6
262.99, 111.4
262.99, 175.3
262.99, 198.5
262.99, 223.1
262.99, 176.8
263.56, 97.6
263.56, 166.3
263.56, 153.5
263.56, 189.1
263.56, 206.8
264.13, 112.0
264.13, 172.5
264.13, 188.6
264.13, 203.0
264.13, 175.6
264.71, 96.9
264.71, 173.0
264.71, 197.4
264.71, 213.7
264.71, 239.1
265.28, 128.1
265.28, 179.9
265.28, 201.3
265.28, 181.9
265.28, 171.2
265.85, 94.9
265.85, 157.5
265.85, 191.0
265.85, 203.4
265.85, 216.9
266.43, 116.8
266.43, 181.3
266.43, 205.6
266.43, 183.3
266.43, 210.0
267.00, 113.9
267.00, 172.4
267.00, 195.3
267.00, 206.5
267.00, 220.9
267.57, 119.3
267.57, 179.8
267.57, 203.9
267.57, 181.5
267.57, 191.5
268.14, 104.8
268.14, 170.7
268.14, 216.3
268.14, 230.6
268.14, 233.5
268.72, 125.5
268.72, 182.9
268.72, 206.0
268.72, 179.7
268.72, 191.0
269.29, 104.5
269.29, 171.5
269.29, 185.2
269.29, 219.9
269.29, 222.9
269.86, 119.6
269.86, 176.8
269.86, 199.1
269.86, 203.6
269.86, 210.4
270.44, 113.8
270.44, 187.9
270.44, 214.6
270.44, 222.3
270.44, 187.4
271.01, 102.8
271.01, 170.6
271.01, 204.5
271.01, 220.7
271.01, 239.4
271.58, 128.3
271.58, 177.0
271.58, 209.5
271.58, 220.8
271.58, 206.6
272.16, 112.1
272.16, 180.0
272.16, 163.4
272.16, 199.1
272.16, 225.6
272.73, 121.9
272.73, 176.5
272.73, 195.5
272.73, 201.8
272.73, 187.2
273.30, 102.9
273.30, 163.7
273.30, 186.4
273.30, 181.4
273.30, 220.6
273.87, 119.3
273.87, 174.9
273.87, 201.5
273.87, 203.6
273.87, 186.6
274.45, 102.4
274.45, 174.7
274.45, 195.4
274.45, 204.8
274.45, 208.5
275.02, 113.1
275.02, 163.5
275.02, 205.1
275.02, 226.0
275.02, 230.7
275.59, 123.2
275.59, 171.5
275.59, 202.4
275.59, 208.8
275.59, 225.6
276.17, 121.8
276.17, 184.3
276.17, 202.3
276.17, 210.1
276.17, 191.3
276.74, 104.6
276.74, 158.7
276.74, 175.2
276.74, 202.8
276.74, 207.8
277.31, 112.8
277.31, 155.1
277.31, 187.1
277.31, 211.5
277.31, 192.5
277.89, 105.4
277.89, 170.8
277.89, 201.4
277.89, 182.7
277.89, 194.0
278.46, 106.0
278.46, 141.6
278.46, 182.8
278.46, 212.3
278.46, 190.7
279.03, 104.6
279.03, 160.7
279.03, 147.2
279.03, 168.1
279.03, 175.0
279.60, 97.3
279.60, 159.3
279.60, 184.7
279.60, 202.2
279.60, 204.3
280.18, 111.0
280.18, 148.3
280.18, 164.3
280.18, 197.4
280.18, 193.9
280.75, 106.3
280.75, 176.5
280.75, 193.4
280.75, 208.5
280.75, 222.2
281.32, 118.7
281.32, 169.1
281.32, 199.3
281.32, 213.2
281.32, 213.3
281.90, 115.3
281.90, 167.2
281.90, 197.7
281.90, 176.9
281.90, 189.6
282.47, 103.7
282.47, 165.8
282.47, 197.6
282.47, 204.6
282.47, 166.4
283.04, 92.5
283.04, 168.9
283.04, 148.1
283.04, 177.7
283.04, 196.9
283.62, 108.1
283.62, 159.8
283.62, 182.4
283.62, 214.6
283.62, 192.4
284.19, 105.2
284.19, 155.8
284.19, 160.5
284.19, 156.5
284.19, 169.9
284.76, 94.4
284.76, 151.6
284.76, 177.0
284.76, 174.0
284.76, 164.0
285.33, 91.4
285.33, 154.8
285.33, 149.2
285.33, 184.7
285.33, 202.7
285.91, 110.8
285.91, 162.1
285.91, 180.5
285.91, 188.4
285.91, 170.6
286.48, 94.6
286.48, 151.3
286.48, 183.1
286.48, 164.1
286.48, 185.2
287.05, 101.5
287.05, 159.2
287.05, 169.4
287.05, 181.8
287.05, 166.1
287.63, 92.3
287.63, 150.2
287.63, 151.6
287.63, 180.1
287.63, 181.4
288.20, 100.2
288.20, 168.1
288.20, 192.2
288.20, 194.3
288.20, 173.8
288.77, 96.4
288.77, 159.2
288.77, 172.5
288.77, 160.1
288.77, 170.6
289.34, 95.0
289.34, 162.5
289.34, 200.0
289.34, 202.9
289.34, 196.6
289.92, 107.0
289.92, 138.7
289.92, 151.5
289.92, 188.4
289.92, 184.2
290.49, 101.4
290.49, 131.2
290.49, 164.9
290.49, 176.0
290.49, 185.6
291.06, 101.8
291.06, 144.4
291.06, 169.9
291.06, 191.2
291.06, 211.9
291.64, 115.4
291.64, 157.1
291.64, 184.9
291.64, 197.9
291.64, 200.4
292.21, 108.7
292.21, 162.7
292.21, 185.8
292.21, 186.5
292.21, 207.2
292.78, 112.6
292.78, 161.6
292.78, 186.5
292.78, 196.4
292.78, 186.0
293.36, 102.3
293.36, 147.2
293.36, 137.7
293.36, 150.6
293.36, 180.7
293.93, 100.2
293.93, 137.7
293.93, 182.1
293.93, 201.4
293.93, 169.4
294.50, 94.5
294.50, 141.0
294.50, 148.5
294.50, 171.1
294.50, 197.9
295.07, 108.4
295.07, 153.5
295.07, 193.5
295.07, 204.7
295.07, 195.1
295.65, 106.8
295.65, 148.6
295.65, 183.5
295.65, 163.0
295.65, 180.1
296.22, 99.7
296.22, 144.0
296.22, 153.9
296.22, 173.8
296.22, 177.0
296.79, 98.1
296.79, 147.7
296.79, 181.1
296.79, 189.7
296.79, 172.7
297.37, 95.2
297.37, 142.4
297.37, 160.0
297.37, 176.4
297.37, 164.9
297.94, 91.7
297.94, 144.5
297.94, 167.0
297.94, 199.9
297.94, 213.5
298.51, 115.8
298.51, 155.7
298.51, 176.2
298.51, 177.7
298.51, 177.0
299.09, 97.9
299.09, 157.6
299.09, 170.0
299.09, 181.8
299.09, 180.3
299.66, 99.6
299.66, 145.7
299.66, 176.1
299.66, 181.6
299.66, 188.2
300.23, 103.5
300.23, 153.4
300.23, 182.2
300.23, 170.2
300.23, 190.5
300.80, 104.5
300.80, 149.0
300.80, 167.8
300.80, 173.3
300.80, 187.8
301.38, 103.5
301.38, 161.8
301.38, 176.4
301.38, 201.8
301.38, 167.8
301.95, 93.2
301.95, 151.3
301.95, 153.5
301.95, 159.2
301.95, 166.7
302.52, 92.9
302.52, 146.3
302.52, 173.2
302.52, 171.1
302.52, 184.5
303.10, 101.3
303.10, 144.5
303.10, 169.0
303.10, 180.7
303.10, 205.2
303.67, 111.2
303.67, 162.1
303.67, 178.9
303.67, 134.2
303.67, 166.2
304.24, 92.9
304.24, 138.0
304.24, 172.4
304.24, 168.0
304.24, 179.1
304.82, 99.0
304.82, 133.2
304.82, 173.9
304.82, 188.1
304.82, 194.3
305.39, 106.2
305.39, 148.4
305.39, 166.9
305.39, 163.4
305.39, 145.9
305.96, 83.0
305.96, 124.8
305.96, 148.7
305.96, 169.0
305.96, 172.6
306.53, 95.7
306.53, 150.3
306.53, 185.8
306.53, 193.5
306.53, 166.0
307.11, 92.3
307.11, 149.7
307.11, 139.8
307.11, 185.8
307.11, 187.3
307.68, 103.2
307.68, 154.9
307.68, 190.9
307.68, 192.2
307.68, 188.9
308.25, 103.7
308.25, 156.3
308.25, 126.1
308.25, 172.2
308.25, 187.1
308.83, 103.3
308.83, 158.8
308.83, 164.2
308.83, 158.5
308.83, 183.7
309.40, 100.7
309.40, 138.9
309.40, 164.0
309.40, 178.4
309.40, 149.0
309.97, 84.1
309.97, 140.5
309.97, 153.3
309.97, 162.7
309.97, 178.4
310.54, 98.5
310.54, 137.8
310.54, 163.3
310.54, 177.9
310.54, 164.5
311.12, 91.8
311.12, 140.3
311.12, 127.7
311.12, 161.1
311.12, 182.6
311.69, 101.2
311.69, 152.1
311.69, 157.5
311.69, 195.1
311.69, 161.3
312.26, 90.0
312.26, 147.7
312.26, 147.3
312.26, 159.1
312.26, 177.9
312.84, 98.9
312.84, 151.0
312.84, 163.4
312.84, 160.9
312.84, 130.5
313.41, 75.4
313.41, 135.1
313.41, 128.3
313.41, 159.9
313.41, 178.4
313.98, 99.2
313.98, 129.4
313.98, 157.4
313.98, 137.1
313.98, 137.7
314.56, 79.2
314.56, 136.0
314.56, 136.6
314.56, 168.5
314.56, 182.7
315.13, 100.3
315.13, 157.1
315.13, 172.9
315.13, 141.5
315.13, 160.1
315.70, 90.0
315.70, 101.2
315.70, 142.2
315.70, 166.2
315.70, 161.7
316.27, 91.1
316.27, 130.0
316.27, 145.6
316.27, 125.8
316.27, 171.1
316.85, 95.7
316.85, 120.5
316.85, 135.4
316.85, 163.5
316.85, 184.1
317.42, 102.0
317.42, 156.1
317.42, 168.8
317.42, 156.6
317.42, 168.1
317.99, 94.1
317.99, 131.3
317.99, 121.8
317.99, 154.8
317.99, 187.9
318.57, 103.8
318.57, 148.4
318.57, 162.2
318.57, 167.2
318.57, 166.2
319.14, 92.4
319.14, 130.6
319.14, 154.3
319.14, 180.9
319.14, 201.0
319.71, 109.2
319.71, 135.9
319.71, 153.9
319.71, 148.4
319.71, 148.9
320.29, 84.5
320.29, 123.9
320.29, 152.3
320.29, 181.1
320.29, 168.4
320.86, 93.6
320.86, 155.3
320.86, 152.2
320.86, 142.8
320.86, 167.3
321.43, 93.2
321.43, 137.7
321.43, 155.9
321.43, 164.1
321.43, 132.6
322.00, 76.5
322.00, 130.8
322.00, 155.0
322.00, 134.1
322.00, 163.3
322.58, 91.6
322.58, 146.2
322.58, 168.0
322.58, 158.1
322.58, 171.4
323.15, 95.1
323.15, 153.6
323.15, 145.6
323.15, 185.0
323.15, 185.9
323.72, 102.3
323.72, 126.9
323.72, 153.4
323.72, 135.6
323.72, 162.2
324.30, 91.4
324.30, 162.6
324.30, 158.3
324.30, 146.5
324.30, 160.3
324.87, 90.1
324.87, 133.4
324.87, 175.8
324.87, 200.7
324.87, 155.6
325.44, 87.6
325.44, 151.4
325.44, 152.8
325.44, 158.8
325.44, 193.8
326.02, 105.8
326.02, 159.5
326.02, 196.2
326.02, 180.0
326.02, 198.3
326.59, 107.8
326.59, 172.9
326.59, 204.0
326.59, 216.7
326.59, 215.4
327.16, 116.7
327.16, 168.6
327.16, 195.6
327.16, 211.2
327.16, 172.5
327.73, 95.4
327.73, 171.2
327.73, 149.2
327.73, 201.6
327.73, 226.0
328.31, 121.8
328.31, 177.0
328.31, 207.6
328.31, 168.1
328.31, 190.1
328.88, 104.5
328.88, 158.6
328.88, 190.1
328.88, 210.1
328.88, 221.3
329.45, 119.3
329.45, 170.8
329.45, 210.6
329.45, 231.4
329.45, 187.2
330.03, 102.7
330.03, 172.2
330.03, 205.9
330.03, 229.6
330.03, 236.8
330.60, 127.1
330.60, 184.6
330.60, 213.7
330.60, 235.4
330.60, 233.1
331.17, 124.9
331.17, 187.9
331.17, 220.6
331.17, 241.7
331.17, 248.0
331.74, 132.6
331.74, 171.9
331.74, 204.7
331.74, 212.8
331.74, 225.6
332.32, 120.7
332.32, 179.9
332.32, 218.2
332.32, 209.4
332.32, 204.0
332.89, 110.7
332.89, 150.9
332.89, 154.1
332.89, 157.6
332.89, 191.8
333.46, 105.7
333.46, 163.5
333.46, 205.3
333.46, 233.6
333.46, 242.2
334.04, 129.5
334.04, 169.4
334.04, 178.4
334.04, 192.6
334.04, 214.3
334.61, 116.0
334.61, 179.4
334.61, 216.4
334.61, 222.4
334.61, 198.3
335.18, 108.1
335.18, 173.7
335.18, 187.4
335.18, 153.8
335.18, 187.5
335.76, 103.2
335.76, 168.9
335.76, 182.2
335.76, 209.9
335.76, 174.5
336.33, 96.4
336.33, 154.3
336.33, 180.9
336.33, 210.7
336.33, 219.1
336.90, 118.3
336.90, 171.4
336.90, 197.2
336.90, 221.4
336.90, 208.5
337.47, 112.4
337.47, 175.1
337.47, 181.3
337.47, 201.3
337.47, 215.1
338.05, 116.6
338.05, 186.3
338.05, 218.5
338.05, 232.4
338.05, 191.5
338.62, 104.7
338.62, 158.5
338.62, 201.4
338.62, 223.0
338.62, 239.2
339.19, 128.4
339.19, 190.4
339.19, 228.2
339.19, 229.5
339.19, 236.9
339.77, 126.8
339.77, 171.2
339.77, 169.4
339.77, 156.4
339.77, 211.0
340.34, 114.7
340.34, 179.5
340.34, 215.4
340.34, 231.7
340.34, 191.4
340.91, 104.5
340.91, 177.3
340.91, 207.5
340.91, 222.1
340.91, 236.5
341.49, 127.0
341.49, 184.2
341.49, 221.5
341.49, 230.6
341.49, 234.5
342.06, 125.7
342.06, 191.2
342.06, 222.7
342.06, 240.5
342.06, 237.2
342.63, 127.3
342.63, 193.0
342.63, 236.7
342.63, 255.6
342.63, 267.0
343.20, 141.7
343.20, 180.8
343.20, 221.0
343.20, 246.5
343.20, 256.1
343.78, 135.9
343.78, 203.7
343.78, 233.8
343.78, 241.8
343.78, 230.5
344.35, 123.9
344.35, 185.0
344.35, 216.5
344.35, 249.0
344.35, 263.2
344.92, 139.5
344.92, 214.3
344.92, 230.8
344.92, 191.4
344.92, 180.2
345.50, 99.2
345.50, 186.0
345.50, 220.8
345.50, 236.4
345.50, 245.5
346.07, 131.1
346.07, 202.0
346.07, 244.7
346.07, 206.5
346.07, 231.0
346.64, 123.9
346.64, 178.5
346.64, 203.3
346.64, 229.8
346.64, 231.6
347.21, 124.5
347.21, 203.9
347.21, 222.5
347.21, 199.0
347.21, 225.0
347.79, 121.1
347.79, 182.6
347.79, 215.2
347.79, 214.1
347.79, 214.0
348.36, 115.4
348.36, 188.9
348.36, 244.5
348.36, 248.9
348.36, 268.1
348.93, 142.4
348.93, 212.8
348.93, 232.9
348.93, 244.3
348.93, 266.3
349.51, 141.0
349.51, 195.5
349.51, 237.6
349.51, 248.9
349.51, 250.9
350.08, 134.0
350.08, 202.1
350.08, 221.1
350.08, 227.7
350.08, 193.3
350.65, 105.4
350.65, 179.6
350.65, 221.0
350.65, 248.6
350.65, 263.9
351.23, 140.1
351.23, 207.7
351.23, 239.2
351.23, 259.5
351.23, 230.2
351.80, 123.6
351.80, 191.6
351.80, 224.6
351.80, 255.0
351.80, 271.2
352.37, 143.7
352.37, 194.1
352.37, 242.1
352.37, 228.4
352.37, 256.4
352.94, 136.6
352.94, 228.1
352.94, 270.9
352.94, 295.7
352.94, 317.2
353.52, 166.5
353.52, 237.7
353.52, 264.9
353.52, 238.9
353.52, 236.8
354.09, 126.7
354.09, 221.0
354.09, 269.2
354.09, 280.8
354.09, 299.5
354.66, 157.4
354.66, 201.8
354.66, 261.8
354.66, 274.3
354.66, 309.1
355.24, 162.6
355.24, 195.7
355.24, 253.4
355.24, 269.0
355.24, 279.6
355.81, 147.9
355.81, 181.5
355.81, 227.9
355.81, 261.7
355.81, 247.9
356.38, 132.5
356.38, 186.0
356.38, 215.3
356.38, 273.3
356.38, 245.9
356.96, 131.3
356.96, 189.1
356.96, 267.1
356.96, 277.0
356.96, 293.1
357.53, 154.1
357.53, 200.8
357.53, 258.8
357.53, 254.4
357.53, 254.1
358.10, 135.3
358.10, 220.5
358.10, 232.9
358.10, 240.0
358.10, 270.9
358.67, 143.9
358.67, 207.3
358.67, 233.9
358.67, 238.9
358.67, 258.1